0,443
0,361
0,355
0,353
0,440
0,359
27,13
27,12
0,344
0,427
0,382
0,347
0,357
0,413
0,442
0,411
0,409
0,407
0,328
0,354
0,404
0,345
0,398
0,304
0,303
0,12
0,11
0,10
0,8
0,341
0,349
0,420
0,419
0,323
0,313
0,418
0,395
0,415
26,64
26,83
28,5
0,312
27,8
27,9
28,6
28,109
27,16
27,6
27,21
0,316
0,327
0,392
0,402
0,403
0,436
18,2
17,5
17,4
0,330
0,445
27,18
28,65
28,35
28,10
28,26
28,13
28,9
28,38
27,24
28,11
28,24
0,300
0,299
0,298
0,297
0,296
0,295
0,294
0,293
0,292
0,291
0,290
0,289
0,288
0,287
0,286
0,285
0,284
0,283
0,282
0,281
0,280
0,279
0,278
0,277
0,276
0,275
0,274
0,273
0,272
0,271
0,270
0,269
0,268
0,267
0,266
0,265
0,264
0,263
0,262
0,261
0,260
0,259
0,258
0,257
0,256
0,255
0,254
0,253
0,252
0,251
0,250
0,249
0,248
0,247
0,246
0,245
0,244
0,242
0,241
0,240
0,239
0,238
0,237
0,236
0,235
0,234
0,233
0,232
0,231
0,230
0,229
0,228
0,227
0,226
0,225
0,224
0,223
0,222
0,221
0,220
0,219
0,218
0,217
0,216
0,215
0,214
0,213
0,212
0,211
0,210
0,209
0,208
0,206
0,205
0,204
0,203
0,202
0,198
0,194
0,192
0,63
0,62
0,61
0,60
0,59
0,58
0,57
0,56
0,55
0,54
0,53
0,52
0,51
0,50
0,49
0,48
0,47
0,46
0,45
0,6
27,17
27,7
28,34
28,31
28,20
0,207
0,401
0,201
0,338
0,200
28,15
0,199
0,336
0,197
26,5
0,381
0,196
0,380
0,433
0,320
0,335
28,8
26,2
26,0
26,81
28,37
0,195
0,193
27,14
28,77
28,76
27,22
28,3
26,78
29,3
27,11
27,10
26,4
20,5
20,4
0,342
27,1
27,29
27,2
27,0
27,5
28,108
27,3
27,4
28,107
27,19
0,333
28,106
28,16
28,105
28,104
28,103
28,102
28,101
28,100
28,99
28,98
28,21
28,97
24,8
24,7
24,6
24,2
28,96
28,95
28,94
28,93
28,92
28,23
27,28
28,91
28,90
28,89
28,88
28,87
24,5
24,3
24,4
28,86
0,444
0,441
28,29
28,12
0,434
28,28
28,4
28,85
22,4
21,4
22,3
28,84
28,83
21,3
21,5
27,27
0,447
27,26
27,15
0,429
28,82
28,81
28,80
0,421
20,3
2,5
0,425
28,79
28,33
0,301
0,352
18,5
18,4
27,25
27,23
0,406
18,3
28,1
28,78
28,2
28,0
0,399
27,20
17,3
0,424
0,397
0,394
0,322
0,417
26,82
26,1
2,4
2,3
1,3
32,7
32,6
32,5
32,4
32,3
32,2
0,307
0,308
0,9
32,1
32,0
0,7
0,346
26,6
26,3
0,414
0,351
0,358
0,343
0,356
0,408
0,432
0,340
0,400
0,446
0,379
0,416
0,423
0,348
30,3
0,431
0,334
0,337
0,311
0,2
0,243
0,0
0,319
0,326
0,435
0,391
0,430
0,390
0,428
0,405
0,396
0,317
28,30
0,389
0,350
0,388
0,386
0,378
0,377
0,385
0,422
0,318
0,331
0,387
0,439
0,309
0,384
28,7
0,375
0,329
0,374
0,332
0,306
0,383
0,369
0,438
0,372
0,367
0,324
0,393
0,371
0,314
0,362
0,437
0,339
0,370
0,325
0,426
0,412
0,360
0,376
0,373
0,366
0,368
0,365
0,364
0,321
0,363
0,410
0,315
28,40
28,68
28,66
28,73
28,71
28,70
28,75
28,74
28,64
28,69
28,67
28,72
26,80
26,76
26,75
26,74
26,73
26,72
25,4
25,3
25,1
24,1
23,5
23,4
23,3
23,1
22,2
22,1
21,2
21,1
20,2
20,1
19,5
19,4
19,3
19,2
19,1
18,1
17,6
17,1
4,3
4,2
4,1
4,0
3,6
3,5
3,4
3,3
3,2
3,1
3,0
2,2
2,1
2,0
1,2
1,1
1,0
0,310
0,305
0,302
29,1
30,1
31,0
31,2
31,3
31,1
30,2
30,0
0,5
0,1
0,4
0,3
